Share,delta1,delta2,delta3,abs_rel,rmse,log_10,rmse_log,silog,sq_rel,silogloss_loss_func,mse_loss_func
0.0,0.17647058823529413,0.47058823529411764,0.9411764705882353,0.56030715,0.6220197,0.18639928,0.46514186,17.928783,0.38690853,2.4527256,0.38690853
0.11764705882352941,0.06666666666666667,0.4,0.9333333333333333,0.6175824,0.6602358,0.2041896,0.49292955,14.807224,0.43591136,2.35329,0.43591136
0.23529411764705882,0.0,0.3076923076923077,0.9230769230769231,0.67415375,0.7023426,0.2207129,0.52217394,11.99496,0.49328518,2.3098562,0.49328518
0.35294117647058826,0.0,0.18181818181818182,0.9090909090909091,0.72908956,0.7466108,0.23591296,0.55128443,9.400936,0.5574277,2.3078747,0.5574277
0.47058823529411764,0.0,0.0,0.8888888888888888,0.7814062,0.7917149,0.24964713,0.57930005,7.179623,0.6268125,2.341726,0.6268125
0.5882352941176471,0.0,0.0,0.8571428571428571,0.830783,0.8365173,0.2620174,0.60567755,5.3417444,0.69976115,2.3986661,0.69976115
0.7058823529411765,0.0,0.0,0.8,0.87790823,0.8808648,0.27335498,0.63058907,3.8328524,0.77592283,2.4689322,0.77592283
0.8235294117647058,0.0,0.0,0.6666666666666666,0.9272105,0.9283884,0.2848014,0.6562278,2.4254851,0.86190504,2.5521991,0.86190504
0.9411764705882353,0.0,0.0,0.0,0.9827409,0.9828248,0.29725683,0.6844899,0.6493865,0.96594465,2.6518898,0.96594465
